0 0.18828125 0.425 0.19375 0.1921875
0 0.14609375 0.57734375 0.13359375 0.146875
0 0.32578125 0.3078125 0.22265625 0.221875
0 0.471875 0.44375 0.14765625 0.1609375
0 0.52734375 0.5078125 0.115625 0.140625
0 0.528125 0.60234375 0.07421875 0.096875
0 0.6109375 0.64609375 0.084375 0.06875
0 0.68203125 0.60703125 0.0515625 0.07421875
0 0.7046875 0.54609375 0.1578125 0.08828125
0 0.646875 0.4609375 0.11328125 0.10234375
0 0.83828125 0.5078125 0.18359375 0.171875
0 0.76796875 0.546875 0.09140625 0.12265625
0 0.825 0.62890625 0.09765625 0.06640625