0 0.22578125 0.553125 0.0515625 0.03828125
0 0.31328125 0.54140625 0.04140625 0.03515625
0 0.79296875 0.54453125 0.0390625 0.05546875
0 0.71484375 0.54140625 0.0453125 0.046875
0 0.603125 0.55390625 0.084375 0.0375
1 0.2703125 0.521875 0.0734375 0.05
1 0.4140625 0.54375 0.090625 0.0421875
1 0.5734375 0.52265625 0.09453125 0.03203125
1 0.5296875 0.546875 0.0375 0.02421875
1 0.4859375 0.55703125 0.06015625 0.03125
1 0.653125 0.53671875 0.040625 0.03515625
1 0.76875 0.490625 0.04296875 0.05546875
1 0.88984375 0.52109375 0.0546875 0.05859375