0 0.06484375 0.49921875 0.0390625 0.03203125
0 0.0765625 0.525 0.021875 0.02109375
0 0.13828125 0.49921875 0.0453125 0.03203125
0 0.1546875 0.54453125 0.04453125 0.05078125
0 0.27421875 0.57109375 0.053125 0.0421875
0 0.2875 0.49140625 0.075 0.04140625
0 0.378125 0.4671875 0.0609375 0.0609375
0 0.49765625 0.540625 0.06015625 0.053125
0 0.54453125 0.49140625 0.0546875 0.0609375
0 0.653125 0.53203125 0.05078125 0.05546875
0 0.7921875 0.521875 0.05234375 0.05546875
0 0.875 0.53671875 0.053125 0.06875
0 0.696875 0.4796875 0.07734375 0.06015625