0 0.06484375 0.50078125 0.0390625 0.03203125
0 0.0765625 0.475 0.021875 0.02109375
0 0.13828125 0.50078125 0.0453125 0.03203125
0 0.1546875 0.45546875 0.04453125 0.05078125
0 0.27421875 0.42890625 0.053125 0.0421875
0 0.2875 0.50859375 0.075 0.04140625
0 0.378125 0.5328125 0.0609375 0.0609375
0 0.49765625 0.459375 0.06015625 0.053125
0 0.54453125 0.50859375 0.0546875 0.0609375
0 0.653125 0.46796875 0.05078125 0.05546875
0 0.7921875 0.478125 0.05234375 0.05546875
0 0.875 0.46328125 0.053125 0.06875
0 0.696875 0.5203125 0.07734375 0.06015625