0 0.03984375 0.4171875 0.071875 0.07421875
0 0.13125 0.41953125 0.05 0.0734375
0 0.20078125 0.43984375 0.07421875 0.08359375
0 0.27578125 0.40625 0.0875 0.06796875
0 0.34140625 0.4390625 0.0828125 0.0734375
0 0.42578125 0.4171875 0.0703125 0.0625
0 0.5109375 0.41953125 0.08046875 0.0875
0 0.5953125 0.4265625 0.07890625 0.09765625
0 0.675 0.40625 0.10078125 0.0796875
0 0.76640625 0.4140625 0.0796875 0.11171875
0 0.85078125 0.39765625 0.09140625 0.09609375
0 0.95625 0.36796875 0.07890625 0.09609375