1 0.9046875 0.678125 0.18203125 0.196875
1 0.89921875 0.86171875 0.2015625 0.16640625
1 0.78671875 0.88828125 0.1125 0.0953125
1 0.59921875 0.93671875 0.07890625 0.08828125
1 0.50078125 0.934375 0.0828125 0.0875
1 0.38828125 0.90546875 0.0734375 0.078125
1 0.26953125 0.878125 0.10078125 0.09140625
1 0.14375 0.87734375 0.15390625 0.134375
1 0.571875 0.61796875 0.13984375 0.0765625
1 0.75703125 0.69296875 0.08671875 0.1015625
1 0.39609375 0.63828125 0.0765625 0.07265625
1 0.25625 0.66796875 0.08515625 0.0796875
1 0.14375 0.6453125 0.08125 0.13046875
1 0.49765625 0.61953125 0.059375 0.0828125