0 0.1140625 0.4890625 0.1296875 0.07890625
0 0.221875 0.38359375 0.06953125 0.0609375
0 0.14296875 0.30859375 0.10390625 0.06640625
0 0.3109375 0.30234375 0.06796875 0.0421875
0 0.4328125 0.4078125 0.10546875 0.08515625
0 0.5046875 0.38984375 0.05234375 0.07265625
0 0.53828125 0.3578125 0.065625 0.05703125
0 0.690625 0.2953125 0.08671875 0.05234375
0 0.64921875 0.375 0.06484375 0.07890625
0 0.4625 0.1796875 0.10546875 0.05078125
0 0.93671875 0.45859375 0.11015625 0.09609375
0 0.95546875 0.5953125 0.08828125 0.075