0 0.1859375 0.50078125 0.0453125 0.065625
0 0.2546875 0.48515625 0.046875 0.059375
0 0.353125 0.5265625 0.08359375 0.0734375
0 0.27421875 0.61953125 0.06171875 0.05546875
0 0.390625 0.64140625 0.08671875 0.07890625
0 0.475 0.7703125 0.07421875 0.07265625
0 0.54375 0.634375 0.06328125 0.06171875
0 0.48046875 0.515625 0.06953125 0.071875
0 0.5453125 0.5125 0.0546875 0.04140625
0 0.63125 0.50625 0.05546875 0.0609375
0 0.640625 0.61875 0.0375 0.0578125
0 0.76484375 0.57890625 0.065625 0.0703125
0 0.7234375 0.4953125 0.046875 0.046875
0 0.84140625 0.49375 0.075 0.07265625