0 0.8140625 0.49921875 0.0453125 0.065625
0 0.7453125 0.51484375 0.046875 0.059375
0 0.646875 0.4734375 0.08359375 0.0734375
0 0.72578125 0.38046875 0.06171875 0.05546875
0 0.609375 0.35859375 0.08671875 0.07890625
0 0.525 0.2296875 0.07421875 0.07265625
0 0.45625 0.365625 0.06328125 0.06171875
0 0.51953125 0.484375 0.06953125 0.071875
0 0.4546875 0.4875 0.0546875 0.04140625
0 0.36875 0.49375 0.05546875 0.0609375
0 0.359375 0.38125 0.0375 0.0578125
0 0.23515625 0.42109375 0.065625 0.0703125
0 0.2765625 0.5046875 0.046875 0.046875
0 0.15859375 0.50625 0.075 0.07265625