1 0.15703125 0.50390625 0.059375 0.08046875
1 0.2203125 0.51484375 0.04140625 0.07890625
1 0.2890625 0.50234375 0.0359375 0.06484375
1 0.3578125 0.503125 0.05859375 0.06640625
1 0.43125 0.49140625 0.04375 0.07890625
1 0.509375 0.50234375 0.04375 0.0765625
1 0.56640625 0.509375 0.0421875 0.109375
1 0.60546875 0.50078125 0.1125 0.0625
1 0.65546875 0.50390625 0.0234375 0.08046875
1 0.696875 0.5 0.0453125 0.0609375
1 0.87890625 0.475 0.06171875 0.0703125
1 0.790625 0.475 0.0296875 0.034375
1 0.7421875 0.50859375 0.03984375 0.059375
1 0.828125 0.50859375 0.0671875 0.04765625