0 0.96015625 0.5828125 0.071875 0.07421875
0 0.86875 0.58046875 0.05 0.0734375
0 0.79921875 0.56015625 0.07421875 0.08359375
0 0.72421875 0.59375 0.0875 0.06796875
0 0.65859375 0.5609375 0.0828125 0.0734375
0 0.57421875 0.5828125 0.0703125 0.0625
0 0.4890625 0.58046875 0.08046875 0.0875
0 0.4046875 0.5734375 0.07890625 0.09765625
0 0.325 0.59375 0.10078125 0.0796875
0 0.23359375 0.5859375 0.0796875 0.11171875
0 0.14921875 0.60234375 0.09140625 0.09609375
0 0.04375 0.63203125 0.07890625 0.09609375