1 0.0953125 0.321875 0.18203125 0.196875
1 0.10078125 0.13828125 0.2015625 0.16640625
1 0.21328125 0.11171875 0.1125 0.0953125
1 0.40078125 0.06328125 0.07890625 0.08828125
1 0.49921875 0.065625 0.0828125 0.0875
1 0.61171875 0.09453125 0.0734375 0.078125
1 0.73046875 0.121875 0.10078125 0.09140625
1 0.85625 0.12265625 0.15390625 0.134375
1 0.428125 0.38203125 0.13984375 0.0765625
1 0.24296875 0.30703125 0.08671875 0.1015625
1 0.60390625 0.36171875 0.0765625 0.07265625
1 0.74375 0.33203125 0.08515625 0.0796875
1 0.85625 0.3546875 0.08125 0.13046875
1 0.50234375 0.38046875 0.059375 0.0828125