0 0.39921875 0.41171875 0.0875 0.0765625
0 0.28203125 0.41484375 0.05078125 0.0703125
0 0.51875 0.40390625 0.08046875 0.084375
0 0.66015625 0.39765625 0.0671875 0.07265625
0 0.7671875 0.403125 0.053125 0.07734375
0 0.89375 0.37109375 0.0671875 0.0734375
0 0.28203125 0.31953125 0.0578125 0.084375
0 0.38046875 0.3109375 0.0734375 0.0734375
0 0.50703125 0.303125 0.05625 0.06953125
0 0.61640625 0.31640625 0.07734375 0.07890625
0 0.728125 0.340625 0.059375 0.0546875
1 0.1953125 0.43359375 0.09453125 0.065625
1 0.10078125 0.4296875 0.06796875 0.1296875