0 0.8859375 0.5109375 0.1296875 0.07890625
0 0.778125 0.61640625 0.06953125 0.0609375
0 0.85703125 0.69140625 0.10390625 0.06640625
0 0.6890625 0.69765625 0.06796875 0.0421875
0 0.5671875 0.5921875 0.10546875 0.08515625
0 0.4953125 0.61015625 0.05234375 0.07265625
0 0.46171875 0.6421875 0.065625 0.05703125
0 0.309375 0.7046875 0.08671875 0.05234375
0 0.35078125 0.625 0.06484375 0.07890625
0 0.5375 0.8203125 0.10546875 0.05078125
0 0.06328125 0.54140625 0.11015625 0.09609375
0 0.04453125 0.4046875 0.08828125 0.075