0 0.18828125 0.575 0.19375 0.1921875
0 0.14609375 0.42265625 0.13359375 0.146875
0 0.32578125 0.6921875 0.22265625 0.221875
0 0.471875 0.55625 0.14765625 0.1609375
0 0.52734375 0.4921875 0.115625 0.140625
0 0.528125 0.39765625 0.07421875 0.096875
0 0.6109375 0.35390625 0.084375 0.06875
0 0.68203125 0.39296875 0.0515625 0.07421875
0 0.7046875 0.45390625 0.1578125 0.08828125
0 0.646875 0.5390625 0.11328125 0.10234375
0 0.83828125 0.4921875 0.18359375 0.171875
0 0.76796875 0.453125 0.09140625 0.12265625
0 0.825 0.37109375 0.09765625 0.06640625